   1000000,    15.081,  2857.995,      3814,       747,       264,      4825,     25000
   1000010,    15.081,  2857.995,      3811,       745,       265,      4821,     25000
   1000020,    15.081,  2857.995,      3813,       745,       264,      4822,     25000
   1000030,    15.081,  2857.995,      3812,       746,       264,      4822,     25000
   1000040,    15.081,  2857.995,      3811,       746,       264,      4821,     25000
   1000050,    15.081,  2857.995,      3816,       746,       264,      4826,     25000
   1000060,    15.081,  2857.995,      3814,       746,       264,      4824,     25000
   1000070,    15.081,  2857.995,      3809,       746,       264,      4819,     25000
   1000080,    15.081,  2857.995,      3811,       746,       264,      4821,     25000
   1000090,    15.081,  2857.995,      3812,       746,       264,      4822,     25000
   1000100,    15.081,  2857.995,      3814,       745,       264,      4823,     25000
